-0.38
-0.31
0.31
0.49
-1.73
-1.24
-0.59
-0.67
-0.16
-0.32
-0.38
-0.35
-0.41
-0.82
-0.37
0.9
-0.73
-2.14
-0.49
-1.81
-2.45
-0.4
-2.54
-0.55
-2.86
-0.59
-1.44
-1.16
-1.69
-0.11
-0.61
-0.68
-0.36
0.15
-0.73
-2.08
-0.19
-0.21
-2.5
-1.33
-1.93
-1.49
-0.84
-0.97
-1.32
-0.07
-1.46
-0.88
-2.37
-1.43
0.73
0.25
-2.33
-0.59
-0.39
0.22
-0.16
-1.83
-1.94
-0.72
-0.55
-0.39
0.23
-0.84
-3.31
-0.39
-0.57
-1.28
0.22
-0.06
-0.73
-1.98
-2.34
-1.17
0.27
0.75
-0.33
-1.89
0.19
-1.94
-0.06
0.28
-3.32
-1.85
0.24
-2.65
-1.26
-1.31
0.01
0.39
-2.23
-0.99
-0.69
-0.8
-1.0
-1.62
-2.51
-0.56
-2.83
-0.55
-2.54
-0.15
-0.74
-0.36
-1.51
0.06
-0.51
-0.78
-0.72
-2.36
-1.3
-2.34
-0.48
-1.83
-0.44
-0.92
-0.58
-0.57
-0.36
-0.06
-2.01
0.01
-0.27
-0.56
-1.56
-0.43
-1.36
0.02
-1.26
-1.89
-2.35
-1.08
-2.23
-0.33
-1.43
-1.26
-1.22
-1.01
-1.15
-2.23
-0.7
-0.91
-0.16
0.16
-1.14
-0.25
-0.56
-1.67
-1.12
-0.72
-0.26
0.43
-1.18
-0.88
-0.53
-1.55
0.07
-0.97
-0.3
-1.02
-0.54
-0.27
-0.11
-0.61
-0.08
-0.47
-0.71
-0.14
-0.26
-1.21
-2.72
-1.31
-0.52
-0.68
-0.67
-0.56
-0.08
-0.45
-0.66
-0.24
-3.29
-0.46
-2.09
-0.67
-0.87
-0.65
-1.37
-0.38
-0.15
-0.35
-0.02
-0.22
-0.88
-0.49
0.19
-0.87
-0.17
-2.41
-0.24
-0.44
-0.53
-1.7
-1.14
-1.35
-0.57
-1.47
-1.4
-1.67
-0.55
-0.25
-1.09
-0.8
-0.99
Null
-0.21
-0.06
-0.99
-1.67
0.49
0.19
-0.01
-0.62
-2.01
-1.2
-2.47
-2.31
-2.13
-1.33
-1.63
-0.69
-2.07
-2.29
-1.84
-1.98
-1.92
-1.96